[-3.8]